# General sensor definitions.
sensor_type: camera
comment: VI-Sensor cam0 () #(MT9M034)

# Sensor extrinsics wrt. the body-frame.
T_BS:
  cols: 4
  rows: 4
  #falta
  data:  [  0.999864817, 0.0162242502, 0.00268337899, 0.0068119932,
     	 	-0.0161926001, 0.999803603, -0.0114245601, 0.00240068603,
     		-0.00286820694, 0.0113795698, 0.999931097, -7.7811e-06,
     		 0.0, 0.0, 0.0, 1.0]

# Camera specific definitions.
rate_hz: 30
resolution: [640, 480]
camera_model: pinhole
intrinsics: [597.437, 598.202, 320.740, 242.845] #fx, fy, ppx/cu, ppy/cv
distortion_model: radial-tangential   #???????????
distortion_coefficients: [0.0809596, -0.118014, 0.000185279, -0.00182194]  #0

